"","Sample","Richness","Week","angle1","angle2","exposure","salinity","temperature","NAP","penetrability","grainsize","humus","Beach","fexposure","fbeach","fweek"
"1",1,11,1,32,96,10,29.4,17.5,0.045,253.9,222.5,0.05,1,"10","1","1"
"2",2,10,1,62,96,10,29.4,17.5,-1.036,226.9,200,0.3,1,"10","1","1"
"3",3,13,1,65,96,10,29.4,17.5,-1.336,237.1,194.5,0.1,1,"10","1","1"
"4",4,11,1,55,96,10,29.4,17.5,0.616,248.6,221,0.15,1,"10","1","1"
"5",5,10,1,23,96,10,29.4,17.5,-0.684,251.9,202,0.05,1,"10","1","1"
"6",6,8,1,129,89,8,29.6,20.8,1.19,250.1,192.5,0.1,2,"8","2","1"
"7",7,9,1,126,89,8,29.6,20.8,0.82,257.1,205.5,0.1,2,"8","2","1"
"8",8,8,1,52,89,8,29.6,20.8,0.635,247.9,211.5,0.1,2,"8","2","1"
"9",9,19,1,26,89,8,29.6,20.8,0.061,248.9,205.5,0.15,2,"8","2","1"
"10",10,17,1,143,89,8,29.6,20.8,-1.334,257.9,197,0,2,"8","2","1"
"11",11,6,2,41,42,11,27.9,15.8,-0.976,268.4,330.5,0.05,3,"11","3","2"
"12",12,1,2,26,42,11,27.9,15.8,1.494,274.4,272.5,0,3,"11","3","2"
"13",13,4,2,30,42,11,27.9,15.8,-0.201,272.9,296.5,0.1,3,"11","3","2"
"14",14,3,2,38,42,11,27.9,15.8,-0.482,261.4,304,0.05,3,"11","3","2"
"15",15,3,2,22,42,11,27.9,15.8,0.167,258.1,323.5,0.1,3,"11","3","2"
"16",16,1,2,10,31,11,28.1,18.775,1.768,258.4,293.5,0.05,4,"11","4","2"
"17",17,3,2,13,31,11,28.1,18.775,-0.03,253.4,361,0,4,"11","4","2"
"18",18,3,2,49,31,11,28.1,18.775,0.46,268.6,330.5,0.05,4,"11","4","2"
"19",19,1,2,58,31,11,28.1,18.775,1.367,270.3,289.5,0,4,"11","4","2"
"20",20,4,2,13,31,11,28.1,18.775,-0.811,260.3,297,0,4,"11","4","2"
"21",21,3,4,20,21,10,29.9,19.8,1.117,252.1,251.5,0,5,"10","5","4"
"22",22,22,4,22,21,10,29.9,19.8,-0.503,256.1,265,0,5,"10","5","4"
"23",23,6,4,22,21,10,29.9,19.8,0.729,244.1,275.5,0.1,5,"10","5","4"
"24",24,0,4,31,21,10,29.9,19.8,1.627,239.1,256.5,0,5,"10","5","4"
"25",25,6,4,18,21,10,29.9,19.8,0.054,231.1,254.5,0.1,5,"10","5","4"
"26",26,5,3,56,36,11,27.1,17.4,-0.578,221.8,351,0,6,"11","6","3"
"27",27,4,3,45,36,11,27.1,17.4,-0.348,206.8,405.5,0.05,6,"11","6","3"
"28",28,1,3,6,36,11,27.1,17.4,2.222,189.3,347.5,0,6,"11","6","3"
"29",29,6,3,48,36,11,27.1,17.4,-0.893,179.3,336,0.05,6,"11","6","3"
"30",30,4,3,16,36,11,27.1,17.4,0.766,172.3,354.5,0,6,"11","6","3"
"31",31,2,2,49,77,11,27.4,18.4,0.883,165.8,266,0.05,7,"11","7","2"
"32",32,1,2,86,77,11,27.4,18.4,1.786,151.8,256.5,0.0125,7,"11","7","2"
"33",33,1,2,312,77,11,27.4,18.4,1.375,193.3,234,0,7,"11","7","2"
"34",34,3,2,26,77,11,27.4,18.4,-0.06,226.8,242,0,7,"11","7","2"
"35",35,4,2,30,77,11,27.4,18.4,0.367,262.3,284,0,7,"11","7","2"
"36",36,3,3,28,32,10,26.4,20,1.671,296.3,294.5,0,8,"10","8","3"
"37",37,5,3,50,32,10,26.4,20,-0.375,342.3,316.5,0.1,8,"10","8","3"
"38",38,7,3,55,32,10,26.4,20,-1.005,382.8,355,0,8,"10","8","3"
"39",39,5,3,22,32,10,26.4,20,0.17,415.8,362,0,8,"10","8","3"
"40",40,0,3,13,32,10,26.4,20,2.052,449.8,311.5,0,8,"10","8","3"
"41",41,7,3,55,96,10,27.1,20.5,-0.356,489,244.5,0.05,9,"10","9","3"
"42",42,11,3,63,96,10,27.1,20.5,0.094,531,247.5,0.2,9,"10","9","3"
"43",43,3,3,138,96,10,27.1,20.5,-0.002,568.5,223,0,9,"10","9","3"
"44",44,0,3,22,96,10,27.1,20.5,2.255,606.5,186,0.05,9,"10","9","3"
"45",45,2,3,18,96,10,27.1,20.5,0.865,624,189.5,0,9,"10","9","3"
